539.752681617626,166.19190670762646,5.0255352384140926,-2.139756300742072e-14,1.1638107214321686e-14,-1349,saved_state/neural_weights/default_0.txt
691.3400101402162,811.681287813682,2.052431119260508,-1.2558521901661374e-09,-1.2558521901661374e-09,-1077,
554.1106201408755,277.05505318858695,0.02602576013730684,2.8916082898532173e-24,1.5741182365759014e-08,-969,
439.6425703638852,799.8227697938523,0.3715916602959819,2.3034756601198233e-08,2.3034756601198233e-08,-933,
528.3276171662644,865.7564248269601,3.1813445494027777,3.7407424751145226e-08,3.7407424751145226e-08,-909,
305.6333981618377,988.9898799386025,7.301889541163459,3.265956365140296e-23,1.7779038372066108e-07,-849,
650.9868572764454,792.0300556380809,3.1201874081103975,1.6020658430764414e-07,-1.6020658430764414e-07,-837,
246.15286577476562,979.9732122847702,3.596113648621992,1.3987269031154493e-22,7.614314614844073e-07,-777,
268.7534920732917,816.5055294294162,3.2677382116681457,-4.407948426123194e-05,6.434723796925231e-05,-233,saved_state/neural_weights/default_8.txt
455.3898658996518,955.5946744325347,6.714757344867654,1.5757673313052988e-06,-1.9297584184839927e-22,-741,
534.1181182176476,783.5828119075085,4.0393811588849955,1.5757673313052988e-06,-1.9297584184839927e-22,-741,
411.2883873716288,201.398525218148,1.4797202119944057,3.5794386503677218e-06,-2.7155539880455363e-06,-281,saved_state/neural_weights/default_11.txt
538.4072292516556,150.1821130452402,0.6864545742321262,3.744661392103353e-06,3.744661392103353e-06,-681,
597.0637021585484,86.7056672629987,2.698748011968478,7.1628090215197355,-1.0602154582695522,139,saved_state/neural_weights/default_13.txt
589.8043568740707,642.8132210258995,0.8748148368358946,3.744661392103353e-06,3.744661392103353e-06,-681,
308.22109062389546,621.6444371763159,2.721901670010492,-6.081164288766059e-06,6.081164288766059e-06,-657,
625.0528833717735,481.3064592078123,2.6524612579972624,1.3966124772587837e-05,-1.710356999924218e-21,-633,
494.0565716052252,535.4128607564601,0.19309344383890092,-9.875541533594268e-06,9.875541533594268e-06,-633,
448.42658728021496,993.7918708631126,0.08383238839206042,3.2693778815823574e-21,1.779766424005483e-05,-621,
443.9465227790291,387.4204828186011,0.33631434270351246,5.1283115379836555e-05,-7.209001083589722e-06,-245,saved_state/neural_weights/default_19.txt
460.7087862268511,486.0559781319145,0.2676859437474688,3.683191370677723e-05,-4.510608522747607e-21,-585,
645.8152137142384,47.42732623037985,0.26223621132870356,7.752290080946872e-05,7.848957821699783e-05,-353,saved_state/neural_weights/default_21.txt
551.2827175208556,355.6899682217794,5.601184514513037,0.0027483451229306237,-0.0010106569586317282,-41,saved_state/neural_weights/default_22.txt
14.989272186018134,625.4594117506382,2.8116603671198677,-4.229445859506736e-05,4.229445859506736e-05,-561,
456.414675420679,57.31930866482838,3.0304626497009806,-0.05946428277311865,0.21777832895517082,139,saved_state/neural_weights/default_24.txt
469.0360194541983,708.054223850074,5.717483259340383,-5.5893550762107994e-05,0.0001677021760119456,-173,saved_state/neural_weights/default_25.txt
370.8578727604506,353.74706899925536,0.8370912364293486,-2.7610722099033818e-05,7.05979730211157e-05,-233,saved_state/neural_weights/default_26.txt
227.7439728379834,612.2079776031021,2.3492134770739264,-7.622291605267999e-05,-0.0,-549,
496.5347077999726,740.8876348288948,3.5435750501964125,-0.12531141415753275,0.3753241035123361,175,saved_state/neural_weights/default_28.txt
485.07690362624453,713.5282682684352,1.1023051609462282,0.021732084952957576,-0.02170113810732176,-317,saved_state/neural_weights/default_29.txt
335.66039436189567,551.0456983625169,1.0044161809284753,1.7843282934251312e-20,9.71343081486817e-05,-537,
220.20489529752706,536.9749902902269,5.478656582188329,-0.00011154030732318427,0.00011154030732318427,-513,
258.7831779643489,679.55285483009,5.074738109711287,-3.050240970042323e-05,-2.1909246848305664e-05,-281,saved_state/neural_weights/default_32.txt
353.6992082401372,745.6543349715699,0.27957989948902684,0.00014214085662953203,-0.00014214085662953203,-501,
66.56280010119997,678.0658965575186,6.3893923417551255,0.5247232482232586,0.00043494705837705637,115,saved_state/neural_weights/default_34.txt
362.4311359469736,802.2939852508517,5.907328626881443,2.1620947267106744e-05,5.837869789349279e-06,-245,saved_state/neural_weights/default_35.txt
459.265764954828,763.2880390611427,6.512510465549031,-0.00018113652013560183,-0.00018113652013560183,-489,
417.81164781868733,97.20135494331005,3.0412524535489966,-0.04225356484211994,0.01337681105077701,91,saved_state/neural_weights/default_37.txt
551.720286067595,748.3395269667583,1.5717855672247367,-0.000294157688052339,-0.000294157688052339,-465,
504.9391324116402,325.6926142451126,0.7472597434568353,-0.0021895045095479708,0.0007104191347550623,-65,saved_state/neural_weights/default_39.txt
409.1835656281869,278.2910141692178,0.5348585964147792,3.956631243098064e-05,-6.360401484690834e-05,-233,saved_state/neural_weights/default_40.txt
174.61107675802117,820.4733368158525,3.610071581746648,3.6222671878716e-05,-0.00011052818102697416,-233,saved_state/neural_weights/default_41.txt
250.17105999672623,585.9706801984992,2.2407150926478336,-0.0005301298918927119,-0.0,-453,
339.2886187382698,950.626736165461,5.621267098703122,-0.000477699060219995,0.000477699060219995,-441,
653.4553638817778,587.0653307621337,3.426856143663395,0.11276007379141205,-0.0107648065774179,115,saved_state/neural_weights/default_44.txt
444.666649259827,264.2886065663945,0.44438281614818553,-0.00012592971713828337,0.00010168302322768176,-209,saved_state/neural_weights/default_45.txt
391.5137909056957,876.7193963250164,7.320491519345748,-0.000608753510370497,0.000608753510370497,-429,
667.2521755470906,833.7252299166712,3.0431034894266955,0.000608753510370497,0.000608753510370497,-429,
460.7948727217839,762.9497372006251,0.1687850845137997,-0.0010970933133816305,-0.0,-417,
432.4747225429749,909.4705935397677,6.55754136685674,-0.0007757621214865676,0.0007757621214865676,-417,
488.99119328000705,434.1152588636488,4.76739034474837,-0.00016059233476744587,0.0007579776289849244,-113,saved_state/neural_weights/default_50.txt
257.5007339132611,725.2156865933185,5.349183047397899,0.0009885887454958095,-0.0009885887454958095,-405,
63.40392972481021,564.1205982551223,2.9115717766966838,-0.00139807561148958,-0.0,-405,
460.07885688816964,756.3888923917107,5.08720002174657,-0.0017816309621076312,-0.0,-393,
237.10782423940813,730.8617743882221,3.641571735797024,0.001259803334878217,-0.001259803334878217,-393,
893.1435956377367,79.71606715302356,26.649765820500296,0.09774359357286118,-0.6531461888992031,199,saved_state/neural_weights/default_55.txt
330.213316885374,769.5302014278484,3.7502290939247733,0.00012711117108136564,0.0002632034677426435,-161,saved_state/neural_weights/default_56.txt
737.7909527396081,748.4557314676139,1.3110176360948138,-0.0016054243483970606,-0.0016054243483970606,-381,
621.3711151219034,284.21571613700013,2.8277462317296846,4.170680811967064e-19,0.002270412886867115,-381,
444.6753774101982,523.6367667546733,3.188888751761812,-0.0002345711737646793,0.0001449611350752574,-161,saved_state/neural_weights/default_59.txt
648.5588074236047,763.5956915360244,2.9190158590120925,-0.0016054243483970606,-0.0016054243483970606,-381,
233.9803840016888,876.6087021526488,3.045517023387746,0.0016054243483970606,-0.0016054243483970606,-381,
235.57874792841656,621.3795726655746,3.1293959803270295,0.002045864832287714,0.002045864832287714,-369,
932.2845620985088,917.1839079198388,4.83323204528474,-0.0006767216331866917,-0.0017967742796201787,7,saved_state/neural_weights/default_63.txt
651.7278660279043,292.6218700718048,2.448703483695286,5.314887125276272e-19,0.0028932897926034463,-369,
393.7856340678898,60.54446095634409,5.834942237559463,-0.0206436626022444,-0.1845095462010676,115,saved_state/neural_weights/default_65.txt
118.58753631055222,849.1384180144693,4.427230897445808,0.0004822994817306657,-0.0006820052558457113,-29,saved_state/neural_weights/default_66.txt
460.613986545788,756.1310744047744,14.106735979665885,-0.0028932897926034463,-0.0,-369,
582.2564786064636,648.9116488804616,5.413892854737799,-1.7716290417587554e-19,-0.0028932897926034463,-369,
547.4988292484171,698.0627917864562,5.175850386245064,-0.025022222997495125,-0.003945881607955751,103,saved_state/neural_weights/default_69.txt
675.5493161420947,351.858617121584,1.9990369559018744,6.773000962666462e-19,0.003687049995357627,-357,
345.8236929803707,711.6181681369854,0.10175056063008281,0.002607138054291203,-0.002607138054291203,-357,
962.3189127387595,825.8437847712366,22.44783354131439,0.15582445471591286,0.17913944158869252,211,saved_state/neural_weights/default_72.txt
330.36465435527106,785.6775501872402,0.07021866864648807,0.002607138054291203,-0.002607138054291203,-357,
853.7007845413641,725.6236596609152,4.06369494765584,-0.003773693530597072,-0.004690005680686915,-137,saved_state/neural_weights/default_74.txt
287.51258330445324,480.0288204887197,0.30424584652912845,6.773000962666462e-19,0.003687049995357627,-357,
794.6280243689714,836.7894544808895,2.1458781377256226,-0.00012955074504858696,-0.00021700731020588807,-137,saved_state/neural_weights/default_76.txt
815.849811020627,749.0392561667204,0.9103012505498285,-0.0001485416499049426,0.00066619021765056,-125,saved_state/neural_weights/default_77.txt
582.5396757285208,672.8326800513746,5.030927930569173,-2.8770471168376393e-19,-0.004698574509549627,-345,
287.0945969519994,335.0452404561259,0.14008060730780336,8.631141350512929e-19,0.004698574509549627,-345,
663.2728751911981,943.2146038794124,4.656699633593628,-0.6596087066563435,5.7445909146829736e-06,-125,saved_state/neural_weights/default_80.txt
581.4911339054565,953.4400640788963,0.17646252624854109,-0.4430150754767644,4.183224132418985e-05,-125,saved_state/neural_weights/default_81.txt
377.4742407625091,259.5256723929522,0.1581545091915033,0.06439231525648834,0.23997723960434242,91,saved_state/neural_weights/default_82.txt
554.7850967374575,656.4732717282167,0.4949110228569933,-0.00036001492589272466,0.3700330835783985,-101,saved_state/neural_weights/default_83.txt
321.0396919066834,455.5238026560428,0.3390198669440805,0.005395420575537999,0.005395420575537999,-321,
868.8649839833197,762.7805690829782,0.5514316866242606,0.0003101660905098385,0.0016150344744947772,-101,saved_state/neural_weights/default_85.txt
951.092192858824,742.7212375750393,1.7057963308618107,3.7105466213274148,0.015747550709119783,55,saved_state/neural_weights/default_86.txt
586.1817916967187,223.40531234029106,3.8324927429307167,0.0013558489677737188,-0.0004384451819277882,-89,saved_state/neural_weights/default_87.txt
812.6362847932127,870.3940251954411,1.8087336521895248,0.0010022119793475592,0.00036020091237332926,-89,saved_state/neural_weights/default_88.txt
199.17542305047022,51.65991535623885,2.9030864689911375,-6.892484649074463,-6.880258615605942,139,saved_state/neural_weights/default_89.txt
549.093936334462,509.49981510437556,0.9125482795480759,-0.008761924107751132,0.008761924107751132,-297,
490.3526336748251,483.3601193335082,3.047899247908897,-0.012391231905665453,-0.0,-297,
238.01783367937088,794.897307427305,0.25317589701521537,0.008761924107751132,-0.008761924107751132,-297,
437.5512209958573,508.8626029064513,0.7713673160363168,0.008761924107751132,0.008761924107751132,-297,
729.1313659496024,953.3905628854791,0.3387498149658317,2.900705827679196e-18,0.01579070705501257,-285,
627.4172244248377,292.049587750594,3.762508058049274,0.015375837490854605,-0.0091518575690508,55,saved_state/neural_weights/default_95.txt
482.84889359826786,354.33728382520314,0.5066648009763526,-0.001329191698480525,-0.0011200543566538834,-53,saved_state/neural_weights/default_96.txt
651.5641290197309,576.15208914122,6.278241258802583,0.020122811936335316,-2.464333722767712e-18,-273,
350.00258533235046,437.8736323390421,0.12339229452695033,-0.013488201196463965,0.0022639633143689097,31,saved_state/neural_weights/default_98.txt
125.90179179214601,886.2108548419817,0.5251855529465148,0.0003949160079574993,0.0016299316780632714,-53,saved_state/neural_weights/default_99.txt
50.86218352664999,275.6281080183633,19.812048625517292,0.5180261325481492,-0.48733887822493815,-53,saved_state/neural_weights/default_100.txt
691.407645514679,317.14769463304305,2.871105584742786,4.7106178221337736e-18,0.02564340905156489,-261,
494.86024424319606,199.24267267050016,3.105482367567059,0.029059888439675673,0.6139303131991781,55,saved_state/neural_weights/default_102.txt
454.11008451077555,554.919137039479,3.0413180743945833,0.018132628433101993,0.018132628433101993,-261,
136.2375104414363,867.3124764737208,0.48282591243981976,0.0015772418628761183,0.0007757766218056239,-41,saved_state/neural_weights/default_104.txt
620.3809588262434,417.77662479005204,2.4086789330933502,0.02564340905156489,-3.1404118814225123e-18,-261,
25.21690079184929,171.59645888129901,0.7892636240365656,0.05304921078683942,-0.04873311274456665,-41,saved_state/neural_weights/default_106.txt
707.6889097067733,442.0862018564039,0.9472521172813795,6.00295326919241e-18,0.03267855555507601,-249,
113.26826003946536,214.30095352461151,5.546937576638747,-0.010121349094879066,0.016193357792455936,67,saved_state/neural_weights/default_108.txt
990.1173790349211,661.6805037561531,3.248772509419739,-1.2482354936702673,0.38013904000123366,199,saved_state/neural_weights/default_109.txt
185.7067555740088,252.15592973615406,2.900508049100779,0.023107228232375522,0.023107228232375522,-249,
226.82141717417693,254.52182998475834,4.890116316093067,0.00528327139514319,0.04145098873334342,67,saved_state/neural_weights/default_111.txt
609.0594933296541,654.8392664967371,3.18670957592475,-2.5499449196655333e-18,-0.041643760820522464,-237,
685.0382823994495,461.17997821655234,0.6464091571636561,0.029446585670302044,-0.029446585670302044,-237,
635.3924381132653,412.3994489371643,2.2323728207687363,-0.041643760820522464,-0.0,-237,
597.8173849391595,466.93645575236656,3.400515076914841,-0.041643760820522464,-0.0,-237,
534.0131405006266,952.367459242278,2.563801578674168,-0.05306852722893699,-0.0,-225,
556.463086744494,709.5937272389018,1.6205493726459332,-3.2495101003190855e-18,-0.05306852722893699,-225,
728.398724022733,849.7614228324936,3.4345767849190447,0.15567297323252727,0.28655278589920286,175,saved_state/neural_weights/default_118.txt
686.5170054237884,480.4817831549092,1.34947263545739,-0.05306852722893699,-0.0,-225,
348.81172254762555,290.7475626728264,3.686722309666041,-0.06138171135809427,0.6738560466402577,127,saved_state/neural_weights/default_120.txt
388.68208291423167,338.76676375586817,2.543983457991165,1.242299291718911e-17,0.06762762360455547,-213,
438.9944099958393,545.903261361057,3.052104499032991,1.242299291718911e-17,0.06762762360455547,-213,
607.2149977572222,707.625159525396,4.226965853059489,0.000818653826829681,-0.056094243662404036,127,saved_state/neural_weights/default_123.txt
331.38091521081486,613.1032776475953,2.865025159917108,1.242299291718911e-17,0.06762762360455547,-213,
746.6958080598987,513.6750911224033,4.420978668401554,-0.03533548526497121,-0.03202817249699062,91,saved_state/neural_weights/default_125.txt
168.02646427073896,628.4141788247962,10.625330564847962,0.04781995124631255,0.04781995124631255,-213,
724.1920624866488,581.2633353054961,4.3423459681260725,0.0005075232214174823,-0.018590872320641137,19,saved_state/neural_weights/default_127.txt
487.7941117518369,673.9575079286362,2.4488265864660983,0.04781995124631255,-0.04781995124631255,-213,
689.0148243299624,843.7951004526191,3.7759821274640677,0.15936889459965214,0.277375037188529,163,saved_state/neural_weights/default_129.txt
703.6316217401845,366.4468292375314,2.7532327133212546,1.5831181547989464e-17,0.08618093836803545,-201,
722.5254930521776,367.20692185471614,0.18874950057846362,1.5831181547989464e-17,0.08618093836803545,-201,
387.3542841273337,294.704788834839,2.11467534967727,1.5831181547989464e-17,0.08618093836803545,-201,
951.7882979719216,104.27898028188159,25.825851600038572,6.307098848332451e-05,-4.738638566231371,19,saved_state/neural_weights/default_133.txt
729.2837482024605,916.83862815472,2.8561242648270637,0.0609391259290577,0.0609391259290577,-201,
348.76815793968314,527.0949425738461,1.175522161964909,1.5831181547989464e-17,0.08618093836803545,-201,
648.2314632865323,505.46949778383436,3.125,-0.015139698506668285,0.005484426443079345,19,saved_state/neural_weights/default_136.txt
519.9266837377827,479.6215030999768,2.4439692093598344,1.5831181547989464e-17,0.08618093836803545,-201,
746.3860304511486,482.24635099820944,3.1443225563763866,-0.12514331555089858,0.03788133406844365,115,saved_state/neural_weights/default_138.txt
583.5351260413083,767.8441996442767,13.861723363811063,-0.019313867118375,3.891357755534464,115,saved_state/neural_weights/default_139.txt
266.8862318085268,643.6376306160406,4.562204829142077,-0.002841397977316066,0.05500708439553097,151,saved_state/neural_weights/default_140.txt
705.6846217625774,852.0712938072124,2.125,0.0029431306855282643,-0.2324160446077203,19,saved_state/neural_weights/default_141.txt
794.8416232837209,493.6114785542299,0.16497197823975718,-0.0007472407164388219,-0.008149670988275784,19,saved_state/neural_weights/default_142.txt
664.9680631008755,308.99745887985534,2.29128784747792,-5.2770605159964855e-18,-0.08618093836803545,-201,
526.4209962663977,483.4594469404516,2.0453921200911394,2.0174390412685678e-17,0.10982426621146006,-189,
701.4760505906186,350.0071421637825,4.642950921633202,2.0174390412685678e-17,0.10982426621146006,-189,
386.3123382135001,277.0927620572385,1.5722124012145064,2.0174390412685678e-17,0.10982426621146006,-189,
356.9160434892788,276.7826666620547,4.778471456988979,0.017963955060381436,-0.014552684398834465,127,saved_state/neural_weights/default_147.txt
749.8164760062097,692.7199658004442,3.125,0.006269105945562274,0.008581954329510347,31,saved_state/neural_weights/default_148.txt
620.1017133028132,637.1202750044822,4.839530476613448,0.18824581116559966,0.007507452224035634,175,saved_state/neural_weights/default_149.txt
872.3230150427047,117.76435889681433,4.225460447621486,-0.03728639401792271,-0.11885087783827236,211,saved_state/neural_weights/default_150.txt
272.0,730.0,10,0.0,0.0,-185,
662.0,28.0,10,0.0,0.0,-185,
416.0,853.0,10,0.0,0.0,-185,
453.0,930.0,10,0.0,0.0,-185,
330.0,470.0,10,0.0,0.0,-185,
876.0,990.0,10,0.0,0.0,-185,
471.0,869.0,10,0.0,0.0,-185,
342.0,821.0,10,0.0,0.0,-185,
172.72471719291983,161.0476410092659,5.910733943052033,-0.5420401458460261,0.1413101613793608,199,saved_state/neural_weights/default_159.txt
612.6289656928427,561.8936139877451,2.8557167088649567,-8.569712611988689e-18,-0.13995402785448458,-177,
470.37736653953004,306.18975043807615,0.18183421248327925,-0.005683739884145418,0.018093480626761114,43,saved_state/neural_weights/default_161.txt
349.5128431805389,903.898704189093,4.915867292491524,0.7483571777658485,0.2678926079938418,43,saved_state/neural_weights/default_162.txt
740.0761554085661,943.1977162887665,0.1856871472497046,-0.13995402785448458,-0.0,-177,
734.5257826811139,413.0442043755341,6.16846782358681,0.05427011225312144,-0.08256827453206989,127,saved_state/neural_weights/default_164.txt
338.7749659444578,361.80556978211047,0.31358588090018324,2.5709137835966064e-17,0.13995402785448458,-177,
173.78777514422853,248.16693883684596,3.639038285244116,0.0311857306537813,0.0015012223606641478,43,saved_state/neural_weights/default_166.txt
698.1061260237375,331.74849604358855,2.29128784747792,-8.569712611988689e-18,-0.13995402785448458,-177,
943.8467865026623,737.529589810586,2.29128784747792,0.09896244215027693,0.09896244215027693,-177,
831.9656984497572,565.6151177470736,3.045355145945233,0.011810728766491068,0.027576248780442243,43,saved_state/neural_weights/default_169.txt
638.5556983547659,590.0815952097398,1.8027756377319946,-8.569712611988689e-18,-0.13995402785448458,-177,
567.5270639072579,874.2012787358938,3.4743319815523503,0.2433317341448124,1.3877226507988156,199,saved_state/neural_weights/default_171.txt
422.6041606704506,235.73097647209852,5.381561271573906,-0.3168268980922173,0.01755065585670846,199,saved_state/neural_weights/default_172.txt
491.51358034501783,184.85861747416604,2.331979732985192,0.12611231436393083,0.12611231436393083,-165,
687.1962206795237,943.2042623995403,3.045051595454171,-0.17834974535573042,-0.0,-165,
577.4250076159752,953.3835177584547,2.418662126256774,-0.17834974535573042,-0.0,-165,
802.7127709860591,662.1190033197488,2.8830091292166307,-7.357468054782262,-0.015092657724745825,55,saved_state/neural_weights/default_176.txt
814.7869070613524,591.6351329048381,2.8952878316045547,0.17834974535573042,-2.184154447786404e-17,-165,
438.41398112125233,309.0775384175282,3.3230227227950273,0.18439171529530446,-0.020339889326197454,163,saved_state/neural_weights/default_178.txt
47.25418628297693,159.81815898138066,1.8336533103936727,-1.092077223893202e-17,0.17834974535573042,-165,
557.072086411478,652.4909296412684,2.381872463595972,-0.17834974535573042,-0.0,-165,
116.1878947178836,982.665227647465,2.4488265864660983,-0.12611231436393083,-0.12611231436393083,-165,
811.3783481276802,338.2653668018943,4.098841565785981,-0.46369518570888363,-0.08410534402372043,151,saved_state/neural_weights/default_182.txt
516.7182769027731,340.4380558137428,1.0947904720931438,3.276231671679606e-17,0.17834974535573042,-165,
11.009553337440455,411.77629007746697,2.584165951894841,0.12611231436393083,0.12611231436393083,-165,
704.886212417857,495.5361154894708,1.8027756377319946,-1.092077223893202e-17,-0.17834974535573042,-165,
829.7961873503025,625.2798754858713,1.8027756377319946,0.12611231436393083,0.12611231436393083,-165,
7.60054101434865,414.32498329715537,3.561758256142817,-0.12611231436393083,0.12611231436393083,-165,
754.4373368700806,360.63050915623626,2.446980267531155,-1.092077223893202e-17,-0.17834974535573042,-165,
561.417380211361,276.8731347256899,0.16091396904650113,-0.08818943635267132,0.05331219553544381,127,saved_state/neural_weights/default_189.txt
630.0465939151487,612.5365766952565,0.7565570686878429,-1.092077223893202e-17,-0.17834974535573042,-165,
117.26258585308264,707.2643815584179,2.3541835913977027,-0.12611231436393083,0.12611231436393083,-165,
256.0976076860811,270.136841409293,1.8891176605959703,3.276231671679606e-17,0.17834974535573042,-165,
509.11908529671,548.3182573116248,2.527765304738144,-0.12611231436393083,0.12611231436393083,-165,
222.1855582771637,193.8027841517046,5.183480665785355,-0.01951246666078831,0.01396416801377609,67,saved_state/neural_weights/default_194.txt
52.7477628612059,914.6931291008913,28.311436200615045,-0.025431935626551945,-0.7264717607053659,67,saved_state/neural_weights/default_195.txt
450.47291224382406,257.1208430520415,0.32667580242111827,4.1750501455947426e-17,0.2272791441310035,-153,
956.3468935866224,985.5172051154628,3.0856509866817867,0.010846095937497439,-0.04209421187593836,67,saved_state/neural_weights/default_197.txt
333.292289421224,371.1804549513778,3.3449458482620393,4.1750501455947426e-17,0.2272791441310035,-153,
147.3807272966912,155.4224931406994,4.581895780390716,0.010998874548549482,-0.02047766397934079,67,saved_state/neural_weights/default_199.txt
226.4086270587868,161.65067966971645,3.1293486238845323,-0.426085249878752,0.3063074827538937,211,saved_state/neural_weights/default_200.txt
722.446647560429,331.5109425309994,2.6812889757729583,-1.391683381864914e-17,-0.2272791441310035,-153,
710.2066595996895,677.417677516966,1.118033988749895,-1.391683381864914e-17,-0.2272791441310035,-153,
790.532377753203,961.9996006352235,2.963102263665138,0.3810453471603822,9.59337697054552,199,saved_state/neural_weights/default_203.txt
120.93166873687859,55.30654545859661,46.8452944792577,0.5080032578307342,-0.728168675282956,67,saved_state/neural_weights/default_204.txt
174.42363026150915,219.91843707200974,4.791990273921581,0.056792290296628786,0.03278072323558808,199,saved_state/neural_weights/default_205.txt
252.08674070367312,310.8257269166246,1.2525037068111182,4.1750501455947426e-17,0.2272791441310035,-153,
343.1022770092917,965.6196403390687,2.6312821409016127,4.1750501455947426e-17,-0.2272791441310035,-153,
778.6816958796239,467.3750691403727,3.0415778761748142,-1.391683381864914e-17,-0.2272791441310035,-153,
459.063481835228,382.45861562159087,4.556551436900742,-0.10850121682357175,-0.19742045678912307,175,saved_state/neural_weights/default_209.txt
330.83277630440506,227.05006615246006,5.139841215050043,0.5322733351582692,-0.5134267075440893,199,saved_state/neural_weights/default_210.txt
18.926335261814906,266.9791618136537,1.1992203613405203,5.320455164666184e-17,0.28963208920702693,-141,
894.1817338697603,853.6220171401645,0.36930094542631764,-3.1684722137329544,-0.01822434761132412,79,saved_state/neural_weights/default_212.txt
121.10851701461453,866.5245231697364,2.483563154211933,-0.20480081432751568,0.20480081432751568,-141,
519.7709531655133,546.3541010917853,4.351019600517471,-0.20480081432751568,0.20480081432751568,-141,
471.1690619739561,546.3439528120476,0.03276726205207048,5.320455164666184e-17,0.28963208920702693,-141,
219.10098826225985,583.6109103541688,2.7267769135111974,0.20480081432751568,0.20480081432751568,-141,
327.2471324693104,314.89250852741,2.1628485076242794,5.320455164666184e-17,0.28963208920702693,-141,
579.5078793592918,537.8616133583656,2.2397656082512953,-0.20480081432751568,0.20480081432751568,-141,
783.9213535038898,476.4698721149631,3.0415778761748142,-1.7734850548887275e-17,-0.28963208920702693,-141,
628.6878047065529,701.0299659616401,4.394747450101742,-1.7734850548887275e-17,-0.28963208920702693,-141,
475.58023064997604,411.4054190506115,0.5658373477538063,0.20480081432751568,-0.20480081432751568,-141,
240.8849712448759,316.468909471042,2.2117755433302757,5.320455164666184e-17,0.28963208920702693,-141,
649.9258628172192,169.584658677816,1.241845554811944,-0.20480081432751568,0.20480081432751568,-141,
715.5997274077314,631.6296606075979,1.8027756377319946,-1.7734850548887275e-17,-0.28963208920702693,-141,
889.7603845639308,473.16836264256426,4.397888971993716,0.5204999120233292,-0.12475343891048521,211,saved_state/neural_weights/default_225.txt
323.1179077049467,480.97704812748583,5.997988999376786,0.20480081432751568,-0.20480081432751568,-141,
397.69444364228485,508.6671735757172,2.2189692065128863,0.20480081432751568,-0.20480081432751568,-141,
313.8302538556902,599.5771983652959,5.142622669254324,5.320455164666184e-17,0.28963208920702693,-141,
858.5324451329669,923.22450701586,3.9550985565461567,0.06578371399925165,-0.004853655820761621,151,saved_state/neural_weights/default_229.txt
130.87784372983967,649.175302770209,0.7849549286193769,-0.28963208920702693,-0.0,-141,
724.0083845307415,723.5161639903297,3.2431220535652363,-0.22182785136469613,-0.1586741728458119,163,saved_state/neural_weights/default_231.txt
146.94547779280708,421.52425376628423,99.13228223416098,-0.1764013807770054,-0.12259115480462664,211,saved_state/neural_weights/default_232.txt
143.32974284165522,844.2521915269479,5.6886707939979715,-0.26098693723867855,0.26098693723867855,-129,
674.1892729615539,943.211000072079,3.2114481573251745,-0.3690912662451552,-0.0,-129,
544.9278243073737,521.7428265095174,5.7647263933872335,-0.26098693723867855,0.26098693723867855,-129,
387.88639672632064,191.05540222085796,0.5372007780242174,0.26098693723867855,0.26098693723867855,-129,
202.71707432091523,561.5322027385795,6.100731479926705,0.26098693723867855,0.26098693723867855,-129,
202.32393615901736,922.2100856234931,2.6312821409016127,-0.26098693723867855,0.26098693723867855,-129,
689.6313733467842,431.2870126378698,2.091322455596418,-0.26098693723867855,0.26098693723867855,-129,
739.802266517504,546.5316514806447,3.463527934531698,-0.07403755925836984,0.0056625580384563525,103,saved_state/neural_weights/default_240.txt
670.5263816040538,306.2387985311942,3.2189234897092085,-2.2600321890018606e-17,-0.3690912662451552,-129,
628.294660875676,695.6973810876889,4.160986079065368,-2.2600321890018606e-17,-0.3690912662451552,-129,
755.4799182214033,191.6227886330592,100.0,-0.7448476482863993,-0.7553184668585128,115,saved_state/neural_weights/default_243.txt
294.50932009355324,515.9895032512894,5.828882571869581,0.26098693723867855,-0.26098693723867855,-129,
369.86311770528926,417.5864838505619,2.249483251564159,6.780096567005581e-17,0.3690912662451552,-129,
796.5172557089057,522.5319626058633,4.3594498087116955,-2.2600321890018606e-17,-0.3690912662451552,-129,
814.8452094633421,669.6193346756623,2.7884670550264423,6.780096567005581e-17,0.3690912662451552,-129,
306.0771590780917,562.6001633231525,6.685515284246459,6.780096567005581e-17,0.3690912662451552,-129,
831.4346007543724,456.9199468884683,1.7857187035008968,-0.26098693723867855,0.26098693723867855,-129,
366.1433998535186,385.38863692708446,5.000428806917497,-0.5878585511635294,-0.08167888879170228,187,saved_state/neural_weights/default_250.txt
548.1135467407473,890.2455386164365,4.423166189265606,-0.17853330773758175,-3.978551848297744,163,saved_state/neural_weights/default_251.txt
576.205000581025,490.71020568146423,6.282235728684508,-0.3325874539751503,0.3325874539751503,-117,
150.10953097536833,128.78383256452506,5.023101514379556,0.02755107334588188,0.1830695083370794,175,saved_state/neural_weights/default_253.txt
298.22039162808215,668.1759272484244,19.44657651160686,-0.12385298216891744,0.04948832367709375,115,saved_state/neural_weights/default_254.txt
23.93562505638348,844.5920337794912,2.7463030389973686,-0.3325874539751503,0.3325874539751503,-117,
626.493932019659,649.890723872171,2.925200319672804,-0.4703496880867954,-0.0,-117,
301.9178408459208,821.9020153723201,2.218928954479565,-0.3325874539751503,0.3325874539751503,-117,
701.3884504064654,675.8834170121368,0.4782148934524004,-0.038611315075813286,-0.4077282674681399,103,saved_state/neural_weights/default_258.txt
810.3244877223494,445.5248287164884,0.4982274996181095,0.02128997262689811,-0.030620364132497326,103,saved_state/neural_weights/default_259.txt
540.044230780632,552.581774481569,2.2481051019204283,-0.3325874539751503,0.3325874539751503,-117,
259.1230543412198,556.4009909371933,7.215581810726727,0.3325874539751503,-0.3325874539751503,-117,
365.7098502789372,289.86887811446974,1.7493355593103523,8.640183599931737e-17,0.4703496880867954,-117,
715.8017896631133,964.7167340106132,5.640695991199156,-0.9185944758253614,-4.600419136429184,139,saved_state/neural_weights/default_263.txt
214.058680610335,50.29539357481641,2.110543667602335,-0.4703496880867954,-0.0,-117,
831.9547049937312,551.8818487723371,3.463527934531698,0.09418736943123258,0.015429381062923547,103,saved_state/neural_weights/default_265.txt
933.9540884972381,593.1098677596383,2.277891851698171,-0.3325874539751503,0.3325874539751503,-117,
239.67310276849202,265.2691363712277,1.2608728446440471,-0.10477554164366713,-0.0085120408151073,103,saved_state/neural_weights/default_267.txt
559.8698167935754,146.2030717564282,4.194065224016706,-0.4422892700208494,-0.3304071326477927,175,saved_state/neural_weights/default_268.txt
551.9063547796725,609.1715969845111,3.0074386117772978,0.036686088048905476,-0.11013858328641438,115,saved_state/neural_weights/default_269.txt
992.6358012565621,305.71871084995973,0.458857514293892,-0.030981634363271743,-0.030244880954688212,115,saved_state/neural_weights/default_270.txt
156.77406508778668,703.5076448025231,18.463760215467662,-2.1691342280286245,0.0013912275908430193,115,saved_state/neural_weights/default_271.txt
441.1273118877292,289.57292254800035,4.581361350603638,-0.0025464912151115194,-0.08578594323771142,115,saved_state/neural_weights/default_272.txt
349.11693953956285,252.7078060734985,3.0550027954263483,1.1010576605031988e-16,0.5993878731782363,-105,
845.7910463682632,459.58353091438994,3.1443225563763866,0.11478854446094423,-0.016819452664073642,115,saved_state/neural_weights/default_274.txt
665.1685456100575,978.9398079389101,3.6889593755304277,0.059303389229484374,-3.2685988158837995,115,saved_state/neural_weights/default_275.txt
272.39819902249144,559.6348481217,4.844046837691473,0.013127078429330927,-0.11896178954737859,115,saved_state/neural_weights/default_276.txt
677.8447454768062,429.59653295421856,0.6298105511470022,-0.06095506628098365,-0.06451721353338251,115,saved_state/neural_weights/default_277.txt
222.10702258828363,595.8534648428657,7.107879960570475,0.42383122968531306,-0.42383122968531306,-105,
362.4507118713357,241.47406973848797,1.029647949091175,1.1010576605031988e-16,0.5993878731782363,-105,
463.790470841352,127.23892372219136,0.1214968430730563,-3.670192201677329e-17,0.5993878731782363,-105,
945.3677675569191,555.5769066777856,4.604376472923652,-0.42383122968531306,0.42383122968531306,-105,
538.2134589002674,888.4966952563685,3.4163948223847496,-0.08623595219384124,0.0788637454820537,127,saved_state/neural_weights/default_282.txt
435.15223851768104,627.8661742608463,48.81992595785434,0.014415436551088482,0.007446861427890087,115,saved_state/neural_weights/default_283.txt
224.73257226364075,619.5957683357472,3.437334564681487,0.06210759643527663,-0.4220489326343024,175,saved_state/neural_weights/default_284.txt
378.87348459536895,845.1888796872844,4.431218294038032,0.0820284438238801,0.34530073280753365,211,saved_state/neural_weights/default_285.txt
268.14432013151406,126.64628794772894,12.87097913159969,-7.102389305248854,-0.020415635038306686,115,saved_state/neural_weights/default_286.txt
291.58375104220215,209.71694869958665,3.5371529232914916,-0.004158972402523381,-0.03263628566795563,115,saved_state/neural_weights/default_287.txt
890.1339486362729,141.52056267968405,3.46436517702956,-0.5993878731782363,-7.340384403354658e-17,-105,
850.5162847189204,477.70686864759296,3.2479188116255178,-0.5401072984249914,0.5401072984249914,-93,
349.1173201643537,250.09558902470698,2.7079590248123773,1.4031275582643361e-16,0.7638270665693159,-93,
870.2406438014107,541.7571453763994,3.300358249853446,-0.5401072984249914,0.5401072984249914,-93,
499.81237990611055,283.84489717522644,5.342699457225616,-0.5401072984249914,0.5401072984249914,-93,
581.7584547555024,941.8247790371661,0.24005365929736033,-0.06453989304187127,-1.5972763154637941,127,saved_state/neural_weights/default_293.txt
700.5422513757765,476.0977439765555,3.8750518910165113,0.42091181813602974,0.2863691519593433,211,saved_state/neural_weights/default_294.txt
687.3917946895563,655.906506365359,1.9165897925317097,-0.7638270665693159,-0.0,-93,
591.9504842667003,666.3041854732343,3.5729565150493023,-0.7638270665693159,-0.0,-93,
851.1673719412146,604.5049114912684,2.5968315893313103,-0.5401072984249914,0.5401072984249914,-93,
359.8932114579244,675.0655128978736,1.3038583430455826,1.4031275582643361e-16,0.7638270665693159,-93,
986.6609466017794,577.4288397019974,1.741070047740091,0.5401072984249914,0.5401072984249914,-93,
299.982999118552,245.84836284412702,0.3435565057632708,0.009911897207956355,-0.013225065971564493,127,saved_state/neural_weights/default_300.txt
105.6050680610248,651.6200023525286,2.6319949163898575,-0.5401072984249914,0.5401072984249914,-93,
973.8742263395679,517.1901305320835,3.056756530475127,0.5401072984249914,0.5401072984249914,-93,
353.5443978306909,691.4115295830502,1.9161287929334967,0.7638270665693159,-9.354183721762236e-17,-93,
590.2140891858752,819.0220165730028,2.4163948223847496,0.07751780416801582,-6.757884086819853,127,saved_state/neural_weights/default_304.txt
629.7994258550054,438.3268255190572,4.877145811951104,4.994524890404816,3.759232755153372,127,saved_state/neural_weights/default_305.txt
375.7653254204722,413.4792022313189,1.2694305417298732,-0.017907843671690075,0.004667257644501622,127,saved_state/neural_weights/default_306.txt
284.2419060684746,173.92043173212724,2.3058464536169225,0.5401072984249914,0.5401072984249914,-93,
483.64967828774354,103.47823852992302,3.490186766413865,0.01745990752014577,9.163766170922173,139,saved_state/neural_weights/default_308.txt
229.26150980380436,640.832979947715,3.8870783118884997,-0.688283149942812,0.688283149942812,-81,
708.4446298771319,649.4662015302334,4.014839155372988,-0.9733793654019999,-0.0,-81,
898.5676841388537,323.83393503506477,43.273100273902045,-0.023246329205197352,0.0006785991931163476,163,saved_state/neural_weights/default_311.txt
754.8561991960383,814.025985370769,5.25802870614289,-0.29811118248080426,-0.4081837925799301,199,saved_state/neural_weights/default_312.txt
661.2191168481804,665.2407259073387,3.2811611143668733,-0.9733793654019999,-0.0,-81,
75.439329356714,648.9311497459179,3.19547065249996,-0.688283149942812,0.688283149942812,-81,
204.11265367758898,557.309421918797,0.7263867089939364,-0.688283149942812,0.688283149942812,-81,
815.301917743369,951.867386242351,4.234484504666337,-0.09444603585139157,0.09532238601644927,139,saved_state/neural_weights/default_316.txt
450.22095055038466,195.77669433764476,2.7209780346164147,0.688283149942812,0.688283149942812,-81,
631.1955870720421,711.9506903969339,3.1734077069073874,0.09178934173352443,-0.49547155240768387,151,saved_state/neural_weights/default_318.txt
743.3365632350651,447.2500281531053,4.0633348114686045,0.688283149942812,-0.688283149942812,-81,
924.2467511709207,130.88403098166273,2.571718928943195,-0.9733793654019999,-1.1920459241956393e-16,-81,
736.6195997396795,514.7678055032179,3.128948906181537,0.9733793654019999,-1.1920459241956393e-16,-81,
431.9035443531244,436.85205485208195,2.2837262633881132,-0.688283149942812,-0.688283149942812,-81,
608.7252548173158,934.0357756766165,3.208091605745779,1.7880688862934603e-16,-0.9733793654019999,-81,
556.2985568962085,923.4351860784138,0.31066843263289723,0.688283149942812,0.688283149942812,-81,
506.1815835646848,533.1937751748086,0.7481641280972333,0.688283149942812,0.688283149942812,-81,
389.680682119141,325.9227254530378,5.859279563732272,-0.1528852044500172,-0.07310121246217478,151,saved_state/neural_weights/default_326.txt
298.15267782446034,571.9441994424616,0.18700240552662617,-0.8771103369213038,0.8771103369213038,-69,
735.1733450046476,649.4345838650473,3.7575169252467884,-1.2404213341717436,-0.0,-69,
951.770949983466,759.15135420099,5.899335537869395,2.278617024731271e-16,1.2404213341717436,-69,
607.7991304324707,483.540553996934,1.1347745879942495,-0.8771103369213038,0.8771103369213038,-69,
237.67560966894345,220.08323654078765,0.9996005487890232,0.8771103369213038,0.8771103369213038,-69,
656.5663665481578,266.10076299446587,17.372850506940484,-0.04442955098121157,-0.045064396930792866,163,saved_state/neural_weights/default_332.txt
627.2263460764233,809.3876900047134,2.98839708236287,-1.2404213341717436,-0.0,-69,
840.7519069923704,676.0530700421629,2.9163570169793225,-7.595390082437565e-17,-1.2404213341717436,-69,
696.9108946400427,492.67481793196816,4.066957164830784,0.8771103369213038,-0.8771103369213038,-69,
504.2133208682669,664.6689406926013,2.7911146980184527,2.278617024731271e-16,1.2404213341717436,-69,
622.2559832710613,805.2497619336939,0.17340770690738738,0.04057988564378085,-5.922310733599898,151,saved_state/neural_weights/default_337.txt
471.92377870386144,845.4209823102639,3.8413403273876523,0.8771103369213038,0.8771103369213038,-69,
983.9404112988749,934.5482908096456,2.6287253780287343,0.8771103369213038,-0.8771103369213038,-69,
377.59816949966927,346.62431694077696,0.04485756077754388,-0.11485470773334384,-0.23316185173285386,151,saved_state/neural_weights/default_340.txt
304.12365002024313,351.8474770357369,5.703035503327948,0.14440090719378132,-0.24968916875292144,211,saved_state/neural_weights/default_341.txt
589.2373305539799,860.8426419440841,0.2825437741706054,0.8771103369213038,0.8771103369213038,-69,
299.70464510722564,807.5197297096865,3.1224032970097935,-1.1177413586227185,1.1177413586227187,-57,
801.3762830098866,649.4097729544104,3.4812258535630916,-1.5807249885895793,-0.0,-57,
647.5040351746081,819.0525539692187,3.7759821274640677,-0.16079657699396707,0.08654009464773921,163,saved_state/neural_weights/default_345.txt
951.776396539023,685.3414361678077,5.842707746724458,2.9037446964126945e-16,1.5807249885895793,-57,
439.63698992271037,470.16057346775426,2.2837262633881132,-1.1177413586227185,-1.1177413586227185,-57,
620.6810290717115,646.2028152368557,3.3730314220324833,-0.23993195579595458,-0.1741034777232431,187,saved_state/neural_weights/default_348.txt
394.9361030645806,314.1121403973456,5.801600405104718,-0.11275015248598416,0.013779491830810939,163,saved_state/neural_weights/default_349.txt
94.16104693059317,207.91150845108473,8.497472855768109,1.1177413586227185,1.1177413586227187,-57,
555.4583496462085,420.0948511763861,8.23177645445735,0.12020903548827727,0.09786888876176912,211,saved_state/neural_weights/default_351.txt
934.6285741219681,481.8011328611584,3.0502159715171895,0.2315947149989291,0.04633177538973985,163,saved_state/neural_weights/default_352.txt
778.8768689662322,761.885149309779,3.2431220535652363,0.21150306635479107,0.1443498270240976,163,saved_state/neural_weights/default_353.txt
154.15802230066632,188.26492927763238,0.3529302422403504,2.9037446964126945e-16,1.5807249885895793,-57,
604.2825970200919,796.4663197891466,3.9760767538839303,0.16617865042457985,-0.20332204338419876,163,saved_state/neural_weights/default_355.txt
972.662053280635,898.566334988753,3.8563700723975662,1.1177413586227187,-1.1177413586227185,-57,
582.2779680994531,834.3152921135685,2.9272769655414406,1.1177413586227187,1.1177413586227185,-57,
501.4777711490453,469.39768456308906,2.4063086372065077,2.9037446964126945e-16,1.5807249885895793,-57,
864.7705815825324,180.06961943263093,3.3682750522511054,-1.1177413586227185,1.1177413586227187,-57,
617.867054458356,740.5430098040675,1.829430352272197,-9.679148988042311e-17,-1.5807249885895793,-57,
358.87965749401656,398.12343966051935,2.348650679825562,0.037906360600623974,0.046322985881005724,163,saved_state/neural_weights/default_361.txt
775.9467176409653,666.3141157695215,2.892230278020594,-9.679148988042311e-17,-1.5807249885895793,-57,
720.2555833817385,811.5464459116712,3.3113356287046205,-1.5807249885895793,-0.0,-57,
415.3325712670148,445.93638915527976,10.048080632611867,0.011225877796413949,0.1141722555702221,163,saved_state/neural_weights/default_364.txt
739.6025735987478,319.7948762941218,3.4013404612628415,1.1177413586227187,1.1177413586227185,-57,
512.0301575982168,696.9966997798294,5.946310475769368,0.02882919453403227,-0.06915240538430091,175,saved_state/neural_weights/default_366.txt
884.626169643377,273.6376630403844,9.688747040603076,3.7003731519732886e-16,2.014389321367127,-45,
424.4433406312646,187.60504702469817,2.5318953563151836,-0.017671466234829816,-1.0804749054740062,175,saved_state/neural_weights/default_368.txt
349.118159100165,259.3242195382582,1.927977024967602,3.7003731519732886e-16,2.014389321367127,-45,
751.32009443005,741.2395580214487,2.504534581728266,-2.014389321367127,-0.0,-45,
251.8710745175787,886.612323912582,2.7058081794622177,-1.4243883490884617,1.4243883490884621,-45,
832.7525997793286,649.3903034179025,0.815704016353811,-2.014389321367127,-0.0,-45,
694.2214615805735,796.544608031809,3.4345767849190447,-0.22639958031347132,-0.3083656736144143,175,saved_state/neural_weights/default_373.txt
951.7805455591454,595.3401983645401,6.085869913937736,3.7003731519732886e-16,2.014389321367127,-45,
553.4108439669533,624.9578304232418,3.884723702525821,-0.5115017554447175,-0.12429579850124216,175,saved_state/neural_weights/default_375.txt
214.39001074484918,139.8053962527433,0.5524392632950201,0.1750177965836241,-0.0896338933533826,175,saved_state/neural_weights/default_376.txt
659.4891701292745,663.2374762880569,2.9607462333731447,-2.014389321367127,-0.0,-45,
715.4024724019049,643.3645095087126,2.597035868291623,3.7003731519732886e-16,2.014389321367127,-45,
479.83313011729535,436.8555225355298,4.556551436900742,0.11136461075757056,0.3784208282466874,175,saved_state/neural_weights/default_379.txt
713.7885423491983,854.9725705377215,0.4286145039128235,-2.014389321367127,-0.0,-45,
574.9224534179781,34.67862037724482,2.254441151837411,1.4243883490884617,-1.424388349088462,-45,
736.44628953284,805.1129919966489,5.27688493837759,-2.014389321367127,-0.0,-45,
246.664107222185,311.70093600759947,2.8072438643320483,3.7003731519732886e-16,2.014389321367127,-45,
455.9401621880945,351.1690611216105,4.0642476162927865,0.6847335257356151,-0.5318064131580915,199,saved_state/neural_weights/default_384.txt
801.3542453758077,803.1791690020848,3.5876998390728847,-1.2334577173244292e-16,-2.014389321367127,-45,
624.6863103547197,195.34891843242454,3.129896756858198,-0.33148429096091014,0.4701219041319744,211,saved_state/neural_weights/default_386.txt
484.9625261639387,703.2364601830913,3.3535745513428665,2.014389321367127,-2.4669154346488584e-16,-45,
227.38467870839196,696.357057835951,1.2335378252998117,0.22757430152651514,0.4092245336441857,187,saved_state/neural_weights/default_388.txt
499.33113953576395,164.79125011712054,1.946874741090099,3.7003731519732886e-16,2.014389321367127,-45,
274.16327427833863,390.0129546551033,7.108688771935594,-3.435763265966968,-3.346602487199827,199,saved_state/neural_weights/default_390.txt
404.4080167692917,541.593134196714,4.73505866865957,-0.040310438805413476,0.2103614913887044,199,saved_state/neural_weights/default_391.txt
447.76011919704695,544.3605887708845,1.576402441726593,1.4243883490884621,1.4243883490884617,-45,
526.1430841451038,170.82815305589145,2.8978433401302004,4.715552810397163e-16,2.567027387640974,-33,
101.87782326820752,918.4537515455116,3.104655494366942,0.20080305998410147,0.058865253053155264,187,saved_state/neural_weights/default_394.txt
885.4086995768312,230.69124571945434,9.584978832360315,4.715552810397163e-16,2.567027387640974,-33,
791.59485524697,818.2610249274794,8.263510802316745,-2.567027387640974,-0.0,-33,
355.26191426510843,784.8462277677829,2.3068155331635514,-1.8151624732925193,1.81516247329252,-33,
488.8296601857077,381.269326220009,6.432706024878126,-1.8151624732925193,1.81516247329252,-33,
806.140056035956,649.377314205843,3.7410012079226806,-2.567027387640974,-0.0,-33,
951.7834372614612,492.27775359751917,5.919274669194905,4.715552810397163e-16,2.567027387640974,-33,
182.0642252173707,137.08936862390064,16.239917181303802,-0.00504596378852148,-0.006559019942375981,187,saved_state/neural_weights/default_401.txt
726.0901756089721,662.8342279228988,2.6011570999140483,-2.567027387640974,-0.0,-33,
60.59266911075994,187.2647716504861,9.800150769424876,1.8151624732925193,1.81516247329252,-33,
442.4751466634128,170.29140533422031,1.7557063840796368,1.8151624732925193,-1.8151624732925198,-33,
280.549362212088,105.82451999761872,2.4249985801707044,1.81516247329252,1.8151624732925193,-33,
435.26801821057353,400.4535654616755,5.000428806917497,0.4769007489245694,0.1503733545858017,187,saved_state/neural_weights/default_406.txt
266.38920676177725,233.6703405126361,8.434081431104099,-0.2217351937186569,-0.4127557485645377,187,saved_state/neural_weights/default_407.txt
646.7804941243501,913.6629423644538,4.450950105529472,0.1332175801255497,3.7880753528149307,187,saved_state/neural_weights/default_408.txt
675.6168193403827,283.75805467909345,5.470433842759497,1.8151624732925193,-1.8151624732925198,-33,
100.17568864044094,126.04090563082167,3.087402215629542,-0.3916223170688686,0.25486731517030176,187,saved_state/neural_weights/default_410.txt
180.1826822057191,653.217044840165,3.085141878868975,-0.8492332219716561,-0.47429466386435437,211,saved_state/neural_weights/default_411.txt
432.8248860026712,542.5763860795511,5.425380639894531,1.81516247329252,1.8151624732925193,-33,
397.8926661221193,459.40426951765585,4.105777719594491,1.81516247329252,1.8151624732925193,-33,
637.8434451178139,532.116952324636,2.3970946673139477,-1.5718509367990539e-16,-2.567027387640974,-33,
874.9401353458218,24.350234768428283,20.717954804198765,-0.0898538220146777,-0.6056266252760185,199,saved_state/neural_weights/default_415.txt
821.9965651737473,818.2191332313164,8.460378891711247,-3.271279061599963,-0.0,-21,
349.1182590722654,216.11135606484444,1.3103798719466524,6.009242147859224e-16,3.271279061599963,-21,
761.8072856582262,742.3051446626536,2.100379170941195,-3.271279061599963,-0.0,-21,
564.581307598702,305.5179552363389,6.317232053061283,-2.313143607610898,2.313143607610899,-21,
965.1039032614955,634.7841767000847,3.248772509419739,0.1376592779586596,-0.3804867815603755,199,saved_state/neural_weights/default_420.txt
951.7856946248331,371.49412377940183,5.794481740661153,6.009242147859224e-16,3.271279061599963,-21,
584.2323031885295,588.4967396215801,4.457856617095261,-2.0030807159530744e-16,-3.271279061599963,-21,
549.9705893342108,932.4917264624456,0.32318314378595625,-0.24460090005699117,10.814277264240769,199,saved_state/neural_weights/default_423.txt
737.0275672517358,916.217210891109,7.761158989858741,-3.1208679159988497,-0.5174598024133216,199,saved_state/neural_weights/default_424.txt
22.125806928406323,168.02998632286997,9.832418199371356,2.313143607610898,2.313143607610899,-21,
287.80124545702154,268.78913118682937,5.139841215050043,-0.5285695846576709,0.5155534553622013,199,saved_state/neural_weights/default_426.txt
33.98799641061516,580.5084427628569,14.106735979665885,-2.313143607610898,2.313143607610899,-21,
324.9990984393896,703.4705336797455,5.91767782005872,3.271279061599963,-4.006161431906149e-16,-21,
663.5040519803963,829.2465270607406,2.6600509101950833,-2.0030807159530744e-16,-3.271279061599963,-21,
400.067936901172,795.4111342134189,4.431218294038032,-0.12037090750969635,-0.44478325499000454,199,saved_state/neural_weights/default_430.txt
561.3263628458924,127.18585468630705,5.170296726296473,3.271279061599963,-4.006161431906149e-16,-21,
402.23799356936263,338.99772130967125,3.2793736633543626,-3.271279061599963,-0.0,-21,
482.8714902917224,190.69891867282396,2.6313458518273842,6.009242147859224e-16,3.271279061599963,-21,
780.1856611935644,845.7817878582093,7.382853952246578,0.2502451130810227,0.28691731978016766,199,saved_state/neural_weights/default_434.txt
964.1995492231221,84.54660677367488,3.1852229231760307,-3.271279061599963,-4.006161431906149e-16,-21,
411.65084677941076,386.95038130185077,4.0642476162927865,-0.49303799386592617,0.4197147258154878,199,saved_state/neural_weights/default_436.txt
597.6387550714461,176.67594498046125,4.638779516797811,-0.09767698001540676,0.0172040250078505,199,saved_state/neural_weights/default_437.txt
245.12146148147264,358.3426636020153,6.108688771935594,-4.5225312170949055,-4.478724224336049,199,saved_state/neural_weights/default_438.txt
348.7993689952484,889.6938595658047,3.4312182940380316,-5.889238430335178,6.4380380485823565,199,saved_state/neural_weights/default_439.txt
511.44111284896684,408.75813941404647,3.9298551042332024,-0.8650864543981414,0.12396119946409662,199,saved_state/neural_weights/default_440.txt
215.9040203060734,575.3792579422362,3.367575910870593,-2.0030807159530744e-16,-3.271279061599963,-21,
491.85580045250435,131.06963733986788,2.5293271879962376,-2.9477434820066866,2.947743482006688,-9,
892.1641433286968,161.6290976141442,7.222534306828015,7.657848961417175e-16,4.1687388106507495,-9,
301.8888735375133,154.25147013832543,2.6088643004154655,2.947743482006688,2.947743482006687,-9,
946.429519863697,175.37172668867657,1.0178662249052923,-2.9477434820066866,2.947743482006688,-9,
951.7874475608273,231.64224215724528,5.619254278181,7.657848961417175e-16,4.1687388106507495,-9,
583.73955217465,670.1745714778981,4.462379221530759,-2.5526163204723913e-16,-4.1687388106507495,-9,
846.5313834221106,94.79098894185262,4.225460447621486,-1.3881545821578078,-1.322109171188984,211,saved_state/neural_weights/default_448.txt
243.198045585925,151.35807157946803,3.1293486238845323,0.5776938141155342,-0.3090506071162122,211,saved_state/neural_weights/default_449.txt
786.7332885938237,818.1940141439052,1.37721682066321,-2.5526163204723913e-16,-4.1687388106507495,-9,
867.9739000979447,477.9758199808493,4.397888971993716,-0.5987707172734721,0.12222747298196068,211,saved_state/neural_weights/default_451.txt
724.9603382216526,927.6813628297535,3.504481699538223,-2.5526163204723913e-16,-4.1687388106507495,-9,
664.5772803845007,934.4613580361524,2.894463465145286,-2.5526163204723913e-16,-4.1687388106507495,-9,
361.57661433127646,846.6908063601735,4.431218294038032,-0.803317475134607,0.42217733707842336,211,saved_state/neural_weights/default_454.txt
685.4378192524371,467.32428791776414,3.8750518910165113,-0.40284074879021614,-0.19211007124008,211,saved_state/neural_weights/default_455.txt
248.903256845686,312.89232999989105,4.703035503327948,-4.904201792788388,-4.56833938522633,211,saved_state/neural_weights/default_456.txt
646.5935918950853,184.34943096671518,3.129896756858198,0.9781807720098353,-0.18745144278835527,211,saved_state/neural_weights/default_457.txt
346.0798898476477,461.0231154002401,3.63557114410806,2.947743482006688,2.947743482006687,-9,
199.84106342304426,664.7750827875459,3.085141878868975,0.33281554724292134,0.22068445873992312,211,saved_state/neural_weights/default_459.txt
552.4093033474009,777.1950995170132,2.4389883072915093,-2.5526163204723913e-16,-4.1687388106507495,-9,
497.40897653556607,234.1351790077361,2.8767771248728544,-4.1687388106507495,-0.0,-9,
807.0624115835698,959.4049589041725,3.8922633351711706,2.947743482006688,2.947743482006687,-9,
442.0217081189075,790.999891682231,2.804003671195183,2.947743482006687,-2.9477434820066875,-9,
162.50453746363976,537.4137424157708,0.41458118694402657,-2.9477434820066866,2.947743482006688,-9,
333.50220426134854,394.14267011429445,3.2258442316168794,2.947743482006688,2.947743482006687,-9,
918.6135377641825,804.5603672730152,0.24474184535183774,-4.1687388106507495,-0.0,-9,
